Код продукта поставщика
6060300002
6565750028
5050090459
8080120166
8080120274
6161600072
8080120345
8080120298
8585100081
8080120253
8080120026
1010400044
1010400045
8080120165
8080120350
8080120347
8080120323
5050400001
8080120349
8080120267
8080120325
8585100122
8585100123
8585100124
8585100125
8585100126
8585100127
8080120316
5050110147
5050110171
5050110172
5050110173
5050110174
5050110175
8080130234
8080130062
8080130064
6161100029
8080120327
3030150155
3030110329
8080120275
6161500062
1010400079
5050130615
5050130623
5050130624
5050130625
5050130626
8585750228
4040250067
6060400022
5050130567
6060400030
5050110780
6060400023
8585900105
6262100083
6262100024
8585100137
6262100046
6565250049
6262200004
8585900199
8585100135
8080130124
8080130125
8585100068
6262100018
1010300403
8585900198
8585900197
8585100042
8080130371
8585100097
8080130255
8080120319
8080120052
8585100014
4040250076
4040250078
8080120068
8080120047
8080120083
8080050001
8080130363
8585100117
8585100116
4040250081
6565700172
6161600082
5050130534
6262300040
5050130034
5050130113
5050130173
5050130174
5050250022
5050250025
6262100033
6161500032
5050130007
5050130579
5050130580
6262300012
6262100025
6262400007
5050130323
1010500023
5050130499
5050130500
5050200568
5050090373
5050090374
5050090386
6161200017
6262200009
2020200080
8585700006
4040200133
4040300162
2020200024
6565700098
8585750164
8585750165
2020200017
6565700096
4040200220
5050130294
5050110831
5050110832
5050110833
5050110814
5050110815
2020360002
4040300022
4040300023
5050200686
6161200018
8585750126
8585750127
8585750129
2020360011
2020360012
2020360013
1010110028
5050140477
3030110333
5050090276
5555500044
2020200393
4040250068
4040200225
5050130299
5050110836
5050130532
5050130529
3030600038
5050120832
5050130530
5050090605
5050090603
5050090604
3030110332
1010110050
4040250079
5050140348
2020360001
6262200012
6262200013
2020300777
4040200122
2020100433
5050300012
5050200675
5050180156
6565200052
2020100890
6565200074
5050180157
5050110808
2020350047
2020300476
5050100619
5050100620
5050100621
5050200602
5050200603
4040100174
5050120741
6565700103
3030600033
8585100113
5050130033
8585700024
5050140193
5050140192
5050120462
2020160089
6060100137
6060100055
6060100267
6060100451
6060100454
6060200158
6060100119
6060100452
6060100115
6565750034
5050130467
5050300088
6060100132
5050130038
6060100116
6161100030
6262300043
6060100108
5050130565
5050130566
5050130605
5050130606
6565600224
6565750055
6565750056
6565750057
6565750058
6565750048
8080120168
8080120170
8080120326
8585100153
5050400039
5050110765
5050130577
8585100084
6565750051
8080130376
1010500005
6262100026
3131100044
8585100143
6565550047
6262400013
6262400014
5050130600
4040100079
4040100082
5050100651
5050100644
5555300041
5050110825
5555300035
8080150024
8080500041
3131100004
5555300040
6565300210
8585100058
8585100059
6565300209
2020250114
8080120054
8585100083
8585700026
2020300900
2020300901
5050130604
6060100227
4040100160
6262200010
8585700027
5050120206
5050120572
6565100039
5050130603
6161100043
2020250137
8585100085
3030110502
8080500040
8585750188
8585750191
8585100016
3131100039
6161100282
5050140444
1010400078
4040100158
4040100175
6565700252
5050120742
5050120746
5050200141
6565700249
6161100280
6161100281
8080080033
6565700114
4040200079
5050140452
8585100066
6565700061
2020300525
3030110302
5050140260
5050120854
5050200662
5050120855
8585700025
8585750220
5050200674
7070700113
6565700089
5050200525
2020100950
8080080094
5050090619
5050090618
5050140356
2020100922
3030110276
5050140472
5050120887
5050140345
5050120689
8080070002
5050120688
5050140334
4040300140
2020300341
5050120460
2020100703
4040200224
5050120796
5050120687
8080060031
4040200093
6565550046
6565700091
6565700122
6565700179
6565700180
6565700181
6565700182
6565700184
6565700185
6565700201
6565700221
6565700230
6565800046
6565800047
6565800049
6060300026
6060100027
6060100109
6060100110
6060100450
5050130620
5050130621
6565800048
5050120048
5050120004
5050120005
6060400050
6060400051
6060400052
6161500061
6161300055
1010400046
1010400047
1010400048
5050100002
6565750027
6565750029
8585100156
5050250020
5050250021
5050250023
5050250024
6262100097
6262200023
4040100094
6161100023
5050110458
3131100030
3131100031
1010510038
6262200027
8585100152
8585100147
3131100032
6161500069
6161500044
5050400023
5050400040
1010300029
6565750053
6060400056
3131100033
4040100018
8585100057
4040100015
4040100016
3131100027
4040200097
3131100012
8585100076
3131100028
4040100013
1010310142
5050130531
5050100639
5050100641
5050090606
1010310050
8585100148
3131100042
4040100103
8585100107
4040200155
5050200569
6262200022
1010100354
1010100527
4040300094
4040300096
3131100029
8585100119
2020100954
4040100044
8585100087
1010520113
1010520114
4040200148
5050200685
4040300088
5050200687
1010520088
1010520087
4040100104
2020300475
3030300087
8585100067
5050130068
1010300401
1010300054
4040100097
6161200002
3131100045
5050130602
6161100269
5050200684
1010310176
3030160069
5050200639
3030160044
8585100128
8585100129
5050120739
5050400035
1010500079
4040250049
4040250050
5050140446
4040100159
5050120743
5050120744
4040100154
2020300733
2020300742
1010100545
6565700155
8585100114
8080090112
2020100916
1010520097
4040100157
2020100944
2020100942
7070700109
7070700080
2020300894
5050140381
2020300344
4040200215
4040200067
5050140336
2020300535
2020160250
2020300604
4040300152
4040200236
4040200217
4040200188
6565750025
6565750024
8080120277
3030150112
1010400061
1010310075
3030150113
5050110208
2020300474
8585350022
5050140374
5050110207
1010400062
1010400063
3030180038
3030180048
3030180050
5050100061
5050100264
5050100640
5050110809
5050120830
5050140141
5050190081
6565700200
7070700019
8080120317
8080130468
8585100082
5050110785
5050120533
5050130427
5050130498
5050130627
5050130628
5050140245
5050140246
5050140247
5050140287
5050140289
5050140422
5050140473
5050190067
5050190080
5050190082
5050190083
5050190084
5050200604
5050300086
8080120171
8080120179
8585100106
8585100108
8585100109
8585100118
8585500021
8585500022
8585500023
-----------
5050200681
5050200683
6565150349
